ATLAS CENTAUR 2         
1 00694U 63047A   26257.25248435  .00002019  00000+0  23269-3 0  9990
2 00694  30.3556 221.2481 0545072 303.0603  51.8781 14.12687585158305
THOR AGENA D R/B        
1 00733U 64002A   26257.88178137  .00000111  00000+0  56797-4 0  9990
2 00733  99.1137 281.4462 0033751  68.4243 292.0531 14.34094538265419
SL-3 R/B                
1 00877U 64053B   26257.08433342  .00000071  00000+0  38101-4 0  9993
2 00877  65.0763 138.8521 0076995 232.9078 126.4968 14.61462902294327
SL-8 R/B                
1 02802U 67045B   26257.55945439  .00000167  00000+0  53904-4 0  9998
2 02802  74.0138 355.3277 0065063 316.5263  43.0775 14.45719343116314
SL-8 R/B                
1 03230U 68040B   26257.51546610  .00001786  00000+0  13096-3 0  9999
2 03230  74.0282 287.5442 0022915  53.8566 306.4739 15.04200508118396
OAO 2                   
1 03597U 68110A   26257.52776748  .00000140  00000+0  42688-4 0  9994
2 03597  34.9936 290.8240 0006043 272.4203  87.5796 14.47379837 46474
ISIS 1                  
1 03669U 69009A   26257.67896860  .00000165  00000+0  10206-3 0  9993
2 03669  88.4396 134.5744 1707950  67.5840 309.6848 11.30449051369881
SERT 2                  
1 04327U 70009A   26257.78928985  .00000018  00000+0  81166-4 0  9994
2 04327  99.2867 190.7000 0005663  48.9071 339.0656 13.58745845805572
SL-3 R/B                
1 05118U 71028B   26257.74236108  .00081076  00000+0  44076-3 0  9991
2 05118  81.2296 175.4996 0007512 342.3548  17.7452 15.79670500 18331
ASTEX 1                 
1 05560U 71089A   26257.59303573  .00000362  00000+0  91721-4 0  9992
2 05560  92.7100 212.6828 0016134 158.0894 202.1005 14.50910586889695
SL-8 R/B                
1 05730U 71119B   26257.78278810  .00006121  00000+0  31576-3 0  9991
2 05730  73.8866 181.4236 0538057 109.0533 256.9686 14.40360550682690
OAO 3 (COPERNICUS)      
1 06153U 72065A   26257.49185608  .00000207  00000+0  46735-4 0  9995
2 06153  35.0063 301.5347 0007167 266.2383 238.2143 14.60101794873800
ATLAS CENTAUR R/B       
1 06155U 72065B   26257.44735841  .00000640  00000+0  89709-4 0  9991
2 06155  35.0014 279.1992 0033241 160.4187 199.7797 14.78043746869209
SL-8 R/B                
1 08459U 75112B   26257.76854738  .00000141  00000+0  54909-4 0  9998
2 08459  74.0619  31.0640 0014660  73.1993 287.0768 14.38278623659055
SL-3 R/B                
1 10114U 77057B   26257.83354464  .00010917  00000+0  19963-3 0  9990
2 10114  97.5879  78.8620 0005613 327.0638  33.0262 15.49542893697580
SEASAT 1                
1 10967U 78064A   26257.67264166  .00000139  00000+0  77065-4 0  9999
2 10967 108.0077 162.1244 0002179 299.2092  60.8835 14.46287439533830
SL-14 R/B               
1 11267U 79011B   26257.77256858  .00000345  00000+0  31382-4 0  9997
2 11267  82.5206 277.1389 0016947 141.3230 218.9207 14.92078212556977
SL-8 R/B                
1 11574U 79089B   26257.81288690  .00000118  00000+0  43566-4 0  9992
2 11574  74.0669 100.9425 0016483 226.9936 132.9840 14.42436403463373
SL-14 R/B               
1 11672U 80005B   26257.77604920  .00000325  00000+0  30272-4 0  9994
2 11672  82.5139 127.8668 0014171 251.1810 108.7872 14.91095323504668
SL-8 R/B                
1 12139U 81003B   26257.73542801  .00012047  00000+0  28295-3 0  9992
2 12139  82.9342 114.3842 0239229 237.5345 120.2562 15.17192720343288
SL-3 R/B                
1 12465U 81046B   26257.82071698  .00011352  00000+0  23147-3 0  9991
2 12465  81.2283  61.9329 0017944  78.7758 281.5503 15.45893211467618
SL-3 R/B                
1 12904U 81103B   26257.82436376  .00003747  00000+0  15844-3 0  9995
2 12904  81.1614 351.2667 0012739  12.8324 347.3230 15.22899379  2011
SL-3 R/B                
1 13068U 82013B   26257.83473267  .00002586  00000+0  10736-3 0  9994
2 13068  81.1723 298.7950 0020477 259.7437 100.1486 15.23295230433135
SL-3 R/B                
1 13154U 82039B   26257.78017639  .00001638  00000+0  95769-4 0  9996
2 13154  81.1491 357.5779 0032113  56.6140 303.8151 15.10902304410185
SL-3 R/B                
1 13403U 82079B   26257.80941691  .00004143  00000+0  15672-3 0  9992
2 13403  81.1476 329.4220 0022722 242.8850 117.0067 15.26473952406530
SL-14 R/B               
1 13553U 82092B   26257.64885043  .00000281  00000+0  28615-4 0  9994
2 13553  82.5699 324.5959 0021203  37.9013 122.4851 14.86802133357000
SL-3 R/B                
1 13819U 83010B   26257.77553813  .00014175  00000+0  23926-3 0  9997
2 13819  81.1002 129.4573 0015537 100.3075 259.9925 15.51358163387214
SL-3 R/B                
1 14208U 83075B   26257.79347061  .00009436  00000+0  22210-3 0  9998
2 14208  97.6118 270.0713 0017898 270.9020  89.0175 15.42025345359268
COSMOS 1536             
1 14699U 84013A   26257.50152309  .00004201  00000+0  16225-3 0  9997
2 14699  82.5406 279.8340 0012980 345.4843  14.6021 15.25909873301399
SL-14 R/B               
1 14820U 84027B   26257.83453919  .00000327  00000+0  34387-4 0  9990
2 14820  82.5389  67.6284 0019369  68.8867 291.4417 14.86110613275728
SL-8 R/B                
1 15483U 85006B   26257.06740686  .00000025  00000+0  16977-4 0  9999
2 15483  74.0432 274.5006 0017532 145.9444 244.9390 14.37863300181103
SL-12 R/B(2)            
1 15772U 85042D   26257.87037971 -.00000009  00000+0  17391-4 0  9999
2 15772  71.1082  48.0319 0035590 194.6162 325.6295 14.22020929141288
SL-14 R/B               
1 15945U 85069B   26257.29003895  .00000351  00000+0  36756-4 0  9999
2 15945  82.5276 207.5589 0017243 289.4045  70.5307 14.86569316200857
SL-16 R/B               
1 16182U 85097B   26257.86530471 -.00000236  00000+0 -94096-4 0  9997
2 16182  71.0011 102.2790 0009029 315.7861  60.8350 14.16620990114020
SL-14 R/B               
1 16496U 86006B   26257.48288136  .00000339  00000+0  33021-4 0  9995
2 16496  82.5233  82.0710 0076401   7.8265 352.4123 14.87012502177268
COSMOS 1743             
1 16719U 86034A   26257.87643542  .00090019  00000+0  57408-3 0  9991
2 16719  82.5225 232.7280 0001770  88.4814 271.6654 15.76099294209871
SL-14 R/B               
1 16792U 86046B   26257.72837662  .00000283  00000+0  29744-4 0  9994
2 16792  82.4781 261.5661 0022148 326.5339  33.4476 14.85723488154470
SL-14 R/B               
1 16882U 86055B   26257.60140691  .00000277  00000+0  28988-4 0  9992
2 16882  82.5204 309.0752 0020295  68.9907  90.9779 14.85776180147416
AJISAI (EGS)            
1 16908U 86061A   26257.90970287 -.00000104  00000+0 -42420-4 0  9991
2 16908  50.0073 231.5011 0011329  48.7039 341.1299 12.44517339491564
SL-14 R/B               
1 17567U 87024B   26257.49113197  .00000272  00000+0  28131-4 0  9993
2 17567  82.5248 275.3146 0018126   0.5344 359.5888 14.86265437116177
COSMOS 1833             
1 17589U 87027A   26257.51497941 -.00000328  00000+0 -14955-3 0  9997
2 17589  70.9166 289.1175 0027012 279.1389  80.6676 14.13049454 36990
SL-16 R/B               
1 17590U 87027B   26257.43421002 -.00000040  00000+0  39510-5 0  9991
2 17590  71.0005 238.7559 0006034 215.6533 144.4189 14.17183065 42085
SL-14 R/B               
1 17912U 87038B   26257.85283319  .00000247  00000+0  25843-4 0  9995
2 17912  82.4998 118.6197 0017692 258.6496 101.2733 14.85496143107314
COSMOS 1844             
1 17973U 87041A   26257.27673434 -.00000279  00000+0 -11962-3 0  9996
2 17973  70.9017 356.3858 0028344  99.8992 260.5331 14.14580770 30255
SL-14 R/B               
1 18153U 87055B   26257.19032002  .00000304  00000+0  31990-4 0  9994
2 18153  82.5022 171.3313 0022107 108.6555 251.7064 14.85758882 97928
COSMOS 1867             
1 18187U 87060A   26257.62481560 -.00000055  00000+0  16831-4 0  9993
2 18187  65.0101 137.5828 0018492 280.9105  78.9899 14.31523799 46984
SL-14 R/B               
1 18749U 88001B   26257.60245846  .00000318  00000+0  33886-4 0  9996
2 18749  82.5157  17.6310 0017374 338.1807  21.8667 14.85659666 70079
COSMOS 1933             
1 18958U 88020A   26256.97014750  .00002507  00000+0  11771-3 0  9996
2 18958  82.5101  64.4634 0002556 261.5115  98.5830 15.19195835 78809
SL-3 R/B                
1 19046U 88032B   26257.90353782  .00004024  00000+0  18099-3 0  9999
2 19046  97.5359 240.9392 0023456 295.5950  64.2862 15.21463427 80869
SL-16 R/B               
1 19120U 88039B   26256.83240399  .00000125  00000+0  81636-4 0  9995
2 19120  71.0161  30.7128 0020182  47.0634 313.2180 14.19637551985089
COSMOS 1953             
1 19210U 88050A   26257.19573936  .00005694  00000+0  18837-3 0  9992
2 19210  82.5093 328.2071 0010939 169.3472 190.8003 15.31061847 66604
SL-8 R/B                
1 19257U 88053B   26257.61307066  .00000157  00000+0  59228-4 0  9991
2 19257  74.0464 124.2149 0021160 258.3452 132.2293 14.38994877  3660
COSMOS 1975             
1 19573U 88093A   26257.37116803  .00005182  00000+0  17543-3 0  9992
2 19573  82.5161 287.9313 0010025 215.1909 144.8670 15.30310105 48245
SL-14 R/B               
1 19574U 88093B   26257.39131704  .00000303  00000+0  31877-4 0  9999
2 19574  82.5298 224.8879 0021819 130.7366  29.7517 14.85789406 29036
SL-16 R/B               
1 19650U 88102B   26257.85190597  .00000290  00000+0  17032-3 0  9992
2 19650  70.9979 113.4752 0012118  81.1828 279.0667 14.16173137953679
INTERCOSMOS 24          
1 20261U 89080A   26257.20614969  .00000687  00000+0  20092-3 0  9991
2 20261  82.6113 341.7008 1186663 215.2012 136.4841 12.59729401690531
SL-14 R/B               
1 20262U 89080C   26257.85092042  .00000307  00000+0  82846-4 0  9990
2 20262  82.5916  51.6854 1230279 112.3382 261.2617 12.50604632683795
DELTA 1 R/B             
1 20323U 89089B   26257.74396955  .00000203  00000+0  59088-4 0  9992
2 20323  97.0661  74.9897 0067618 244.4559 114.9638 14.50774485923142
ARIANE 40 R/B           
1 20443U 90005H   26257.40548716  .00000137  00000+0  56835-4 0  9995
2 20443  98.2870 312.2084 0010018   4.1048 356.0222 14.39962834919969
DELTA 2 R/B(1)          
1 20453U 90008B   26257.68575369  .00293824  33836-4  76990-3 0  9991
2 20453  35.5941 348.3043 0026047 251.7109 108.0804 15.93192628955851
COSMOS 2058             
1 20465U 90010A   26257.86118427  .00003148  00000+0  17933-3 0  9997
2 20465  82.4661 220.8834 0011176  50.1223 310.0988 15.12428187970826
SL-14 R/B               
1 20466U 90010B   26257.05649994  .00000256  00000+0  27976-4 0  9993
2 20466  82.4986  90.4775 0020770  42.2826 317.9986 14.83692022956414
SL-14 R/B               
1 20511U 90018B   26257.86320757  .00000320  00000+0  37092-4 0  9996
2 20511  82.5206  46.2620 0015930 184.5836 175.5236 14.82263538950608
HST                     
1 20580U 90037B   26257.17378261  .00005382  00000+0  16369-3 0  9996
2 20580  28.4732 191.9585 0001881  59.3129 300.7652 15.31641591802221
SL-16 R/B               
1 20625U 90046B   26257.44301588 -.00000196  00000+0 -76210-4 0  9996
2 20625  70.9968 261.4885 0013771   7.2776 352.8544 14.15034212875091
COSMOS 2084             
1 20663U 90055A   26257.81658275  .00001770  00000+0  13297-3 0  9999
2 20663  62.7887  50.0936 0017064 348.4732  11.5975 15.06426752964802
SL-6 R/B(2)             
1 20666U 90055D   26257.59906800  .00001024  00000+0  85712-4 0  9991
2 20666  62.7829 331.0439 0054555  16.6140 343.6731 15.04278256966605
SL-8 R/B                
1 20775U 90078B   26257.48734796  .00013186  00000+0  35851-3 0  9998
2 20775  82.8970  80.7516 0341695  95.4620 268.5674 14.94932504837454
SL-8 R/B                
1 21088U 91006B   26257.39689932  .00000107  00000+0  92327-4 0  9990
2 21088  82.9440  29.6441 0021535 223.8628 156.4884 13.77522484790051
OKEAN-3                 
1 21397U 91039A   26257.46754466  .00002353  00000+0  16058-3 0  9993
2 21397  82.5189 153.7951 0015296  49.2728 310.9825 15.05673586893434
COSMOS 2151             
1 21422U 91042A   26257.81656337  .00001325  00000+0  10252-3 0  9991
2 21422  82.4926 261.1706 0013446 134.3306 225.9023 15.00638235891559
SL-14 R/B               
1 21423U 91042B   26257.34870076  .00000277  00000+0  31995-4 0  9991
2 21423  82.4925  43.2574 0016558 346.1894  13.8865 14.81945900881019
ERS-1                   
1 21574U 91050A   26257.82807646  .00000199  00000+0  78045-4 0  9993
2 21574  98.7778 280.7095 0031881   3.1300 357.0081 14.39564733842942
ARIANE 40 R/B           
1 21610U 91050F   26257.56896142  .00000177  00000+0  65324-4 0  9996
2 21610  98.1795 302.4695 0002539 197.1921 162.9184 14.43000257846239
INTERCOSMOS 25          
1 21819U 91086A   26257.58304946  .00001296  00000+0  24662-3 0  9996
2 21819  82.6066 195.7358 1485500  69.5645 305.8369 12.12333724519576
SL-8 R/B                
1 21876U 92008B   26257.63289763  .00000107  00000+0  94879-4 0  9997
2 21876  82.9262 127.2951 0034107 328.9787  59.6688 13.75992255735400
SL-8 R/B                
1 21938U 92020B   26257.29839155  .00000091  00000+0  78248-4 0  9992
2 21938  82.9341  13.6525 0030154 129.8226 259.2311 13.75559907727063
USA 81                  
1 21949U 92023A   26257.62036637  .00000134  00000+0  42096-4 0  9998
2 21949  85.0105  22.3716 0002424 108.4323 251.7133 14.32417505121839
COSMOS 2219             
1 22219U 92076A   26257.17795908 -.00000211  00000+0 -85615-4 0  9992
2 22219  71.0635 344.0358 0020729 272.5165  87.3584 14.14113091745023
SL-16 R/B               
1 22220U 92076B   26257.68220130  .00000171  00000+0  10901-3 0  9998
2 22220  71.0001 150.2578 0012493 176.7776 202.4757 14.16880230748602
COSMOS 2221             
1 22236U 92080A   26257.06004832  .00001091  00000+0  93071-4 0  9993
2 22236  82.5005  98.6040 0012725 280.7286  79.2503 14.96741633808965
SL-16 R/B               
1 22285U 92093B   26257.21498303 -.00000082  00000+0 -17713-4 0  9998
2 22285  71.0240 328.4929 0004280 346.7543  13.3467 14.15474259739834
COSMOS 2228             
1 22286U 92094A   26257.88057841  .00001418  00000+0  11807-3 0  9990
2 22286  82.5161  56.0931 0018403  28.8586 331.3650 14.97826899804378
SL-16 R/B               
1 22566U 93016B   26257.76992036 -.00000158  00000+0 -56427-4 0  9997
2 22566  71.0077 178.0532 0009155  23.6819 336.4723 14.15316448728923
COSMOS 2242             
1 22626U 93024A   26257.81455439  .00001186  00000+0  10021-3 0  9999
2 22626  82.5151  85.7719 0016947  33.2464 326.9819 14.97127195808682
SL-16 R/B               
1 22803U 93059B   26257.63256448 -.00000185  00000+0 -67533-4 0  9994
2 22803  70.9924 332.6750 0019455 280.9873  78.9062 14.17256035706307
ARIANE 40 R/B           
1 22830U 93061H   26257.65443029  .00000102  00000+0  53112-4 0  9997
2 22830  98.4736 322.6165 0011889  85.9321 274.3222 14.32937028721162
COSMOS 2278             
1 23087U 94023A   26257.07452483  .00000380  00000+0  22317-3 0  9991
2 23087  71.0531 140.9515 0006934 103.9019 256.2875 14.14405599671448
SL-16 R/B               
1 23088U 94023B   26257.39001510 -.00000261  00000+0 -11009-3 0  9994
2 23088  71.0014  34.5919 0003886 331.4394  28.6515 14.15033234672782
SL-16 R/B               
1 23343U 94074B   26257.84658608  .00000293  00000+0  45743-4 0  9996
2 23343  97.6960 280.8186 0005843 337.3706 199.1855 14.79565643715210
SL-16 R/B               
1 23405U 94077B   26257.86343382 -.00000164  00000+0 -59081-4 0  9999
2 23405  70.9833 314.4969 0004763 253.4436 106.6164 14.15579916643004
ARIANE 40+ R/B          
1 23561U 95021B   26257.48037640  .00000167  00000+0  66862-4 0  9993
2 23561  98.4334 326.2318 0005617 300.6531  69.9483 14.39872470646417
SL-16 R/B               
1 23705U 95058B   26257.66750830 -.00000015  00000+0  16568-4 0  9997
2 23705  71.0208 143.4935 0013210 200.6920 159.3669 14.15514002594596
SL-16 R/B               
1 24298U 96051B   26257.61716814  .00000168  00000+0  11714-3 0  9993
2 24298  70.7683 135.4073 0018961 222.1298 137.8365 14.12479968548328
ORBVIEW 2 (SEASTAR)     
1 24883U 97037A   26257.72160538  .00000148  00000+0  67747-4 0  9992
2 24883  98.8782  67.2742 0001655 196.4849 163.6282 14.35590663535592
SL-16 R/B               
1 25400U 98043G   26257.81964044  .00000029  00000+0  30989-4 0  9996
2 25400  98.8464 212.7881 0009724 180.1083 180.0096 14.26080867465948
SL-16 R/B               
1 25407U 98045B   26257.09127635  .00000256  00000+0  15311-3 0  9995
2 25407  71.0109 145.3640 0005311 101.0600 259.1121 14.16211054453771
ISS (ZARYA)             
1 25544U 98067A   26257.85283186  .00006182  00000+0  11980-3 0  9991
2 25544  51.6309 216.3168 0004923 141.7352 218.3986 15.49117649585657
CZ-4B R/B               
1 25732U 99025C   26257.60995796  .00000033  00000+0  36317-4 0  9996
2 25732  98.6411 297.1666 0037519 159.6932 353.3695 14.18295328414946
OKEAN-O                 
1 25860U 99039A   26257.62776659  .00000412  00000+0  60504-4 0  9996
2 25860  97.9225 315.3592 0001947  89.5266 270.6169 14.80552538462343
SL-16 R/B               
1 25861U 99039B   26257.76932571  .00000332  00000+0  48702-4 0  9996
2 25861  97.9744 316.3353 0014875   9.1359 351.0121 14.81919384464869
DELTA 2 R/B             
1 25876U 99041E   26257.35111792  .00000475  00000+0  11487-3 0  9991
2 25876  51.7616 267.4747 0500543 185.2799 174.2732 14.12247881389689
HELIOS 1B               
1 25977U 99064A   26257.67553362  .00000971  00000+0  11158-3 0  9992
2 25977  98.1514 165.3694 0001915 118.1356 242.0053 14.88199966713362
TERRA                   
1 25994U 99068A   26257.88679206  .00000252  00000+0  60188-4 0  9994
2 25994  97.9369 303.8392 0001357 342.9399 195.1643 14.61160288422708
SL-16 R/B               
1 26070U 00006B   26257.43796844 -.00000011  00000+0  18655-4 0  9999
2 26070  71.0013  60.9569 0018692 255.9735 103.9310 14.15843084375275
TITAN 4B R/B            
1 26474U 00047B   26257.78953663  .00002070  00000+0  13083-3 0  9999
2 26474  67.9859 228.2750 0041951 195.3832 164.6047 15.10605742421462
ENVISAT                 
1 27386U 02009A   26257.86414676  .00000052  00000+0  30887-4 0  9997
2 27386  98.3920 207.2158 0001190  91.0620 286.6235 14.39082055286389
IDEFIX & ARIANE 42P R/B 
1 27422U 02021B   26257.83215985  .00000161  00000+0  77663-4 0  9995
2 27422  98.5977 194.3558 0011831 356.7390   3.3714 14.31116385271074
AQUA                    
1 27424U 02022A   26257.89960318  .00000593  00000+0  12767-3 0  9993
2 27424  98.4390 229.0233 0001582  68.0565 323.0345 14.62201841296388
CZ-4B R/B               
1 27432U 02024C   26257.14345017  .00000019  00000+0  32529-4 0  9997
2 27432  98.8612 309.3492 0049697 206.4614 176.8985 14.14575159255886
MIDORI II (ADEOS-II)    
1 27597U 02056A   26257.87881606  .00000180  00000+0  88285-4 0  9992
2 27597  98.7983 217.9435 0001609 121.8985 238.2353 14.29388592237321
H-2A R/B                
1 27601U 02056E   26257.81448876  .00000194  00000+0  82887-4 0  9997
2 27601  98.3410 211.2599 0069409 319.1193  60.6504 14.33862065241216
CZ-4B R/B               
1 28059U 03049C   26257.62280894  .00000258  00000+0  70721-4 0  9996
2 28059  98.6956 260.0558 0048424  16.5192 343.7568 14.55151025214070
CZ-2C R/B               
1 28222U 04012C   26257.83797110  .03662761  27018-5  52282-3 0  9997
2 28222  97.6959 346.0139 0013013 265.4966  94.4843 16.34607721234171
SL-16 R/B               
1 28353U 04021B   26257.25806255 -.00000257  00000+0 -10884-3 0  9992
2 28353  71.0002 196.7583 0002949 130.5879 229.5501 14.14618644149501
CZ-4B R/B               
1 28415U 04035C   26257.53237207  .00006141  00000+0  20002-3 0  9991
2 28415  97.3308 289.6411 0030497  20.0927 340.1507 15.31751304208792
CZ-2C R/B               
1 28480U 04046B   26257.72908164  .00000108  00000+0  55630-4 0  9996
2 28480  98.1837 160.8660 0138519 316.1704  42.8551 14.27051621135469
ARIANE 5 R/B            
1 28499U 04049H   26257.44731402  .00000546  00000+0  66154-4 0  9996
2 28499  98.2790  73.2004 0084977  99.1933 261.8906 14.85557879173815
CZ-2D R/B               
1 28738U 05024B   26257.04224126  .00082300  00000+0  41694-3 0  9991
2 28738  97.3410 281.6139 0003840  78.9139 281.2561 15.81295574169329
ALOS (DAICHI)           
1 28931U 06002A   26257.86413556  .00000992  00000+0  17295-3 0  9997
2 28931  98.1419 213.2008 0002097  73.6666 286.4770 14.70216381101273
H-2A R/B                
1 28932U 06002B   26257.40030777  .00005186  00000+0  24316-3 0  9990
2 28932  98.2668  61.4403 0048656 319.2403  40.5192 15.19150069123064
RESURS-DK 1             
1 29228U 06021A   26257.59620716  .00001512  00000+0  90261-4 0  9990
2 29228  69.9301 108.0534 0005425 214.4413 145.6403 15.13511882116106
CZ-4B R/B               
1 29507U 06046C   26257.03886650  .00002834  00000+0  13956-3 0  9990
2 29507  97.5369 301.3674 0031359 336.3419  23.6371 15.18391916 88617
CZ-2C R/B               
1 31114U 07010B   26257.74090352  .00000059  00000+0  45721-4 0  9996
2 31114  98.4146   1.7328 0060108 104.4516 256.3342 14.20294186  6548
COSMO-SKYMED 1          
1 31598U 07023A   26257.81951021  .00002332  00000+0  20550-3 0  9991
2 31598  97.8836  90.4532 0001733  90.3929 269.7491 14.97444435 43200
COSMOS 2428             
1 31792U 07029A   26257.20362444  .00000060  00000+0  57652-4 0  9991
2 31792  70.9442 167.5980 0010686 331.0027  29.0499 14.12976390990725
SL-16 R/B               
1 31793U 07029B   26257.60552376 -.00000133  00000+0 -43979-4 0  9991
2 31793  70.9757 135.2619 0002130 279.7484  92.7019 14.14864290992090
KORONAS-FOTON           
1 33504U 09003A   26257.75048519  .00009043  00000+0  17516-3 0  9996
2 33504  82.4261  78.6878 0009569 183.7432 176.3748 15.47483996974946
CZ-2C R/B               
1 37731U 11030B   26257.61722089  .00000805  00000+0  10674-3 0  9996
2 37731  97.8750 211.4397 0053619  95.1577  77.8619 14.81620658818066
H-2A R/B                
1 38341U 12025E   26257.38896162  .00001846  00000+0  16731-3 0  9993
2 38341  98.4938 239.9580 0045009  55.9391 304.6088 14.96049319776429
SHIJIAN-16 (SJ-16)      
1 39358U 13057A   26257.84933560  .00001524  00000+0  14989-3 0  9999
2 39358  74.9735 186.8413 0015545   8.3814 351.7631 14.92778083699728
SL-4 R/B                
1 39679U 14021B   26257.06342964  .00014168  00000+0  27499-3 0  9991
2 39679  51.6042 134.8109 0087712  72.6777 288.3781 15.43810020685337
ALOS-2                  
1 39766U 14029A   26257.82033432  .00000486  00000+0  71940-4 0  9996
2 39766  97.9231 353.7008 0001484  92.9630 267.1752 14.79465647664836
YAOGAN-29               
1 41038U 15069A   26257.84100354  .00000290  00000+0  42250-4 0  9991
2 41038  97.9985 286.5983 0002917  89.0792 271.0755 14.83143553583910
ASTRO-H (HITOMI)        
1 41337U 16012A   26257.56246677  .00002306  00000+0  12952-3 0  9995
2 41337  30.9981 216.8109 0009316  72.9877 287.1781 15.10863322580813
HXMT (HUIYAN)           
1 42758U 17034A   26257.83700005  .00003818  00000+0  18761-3 0  9991
2 42758  43.0151  43.5901 0031605 351.6834   8.3488 15.19130634511291
SAOCOM 1A               
1 43641U 18076A   26257.85755075 -.00000136  00000+0 -10514-4 0  9990
2 43641  97.8889  83.3175 0001391  81.7535 278.3836 14.82143779429388
H-2A R/B                
1 43682U 18084L   26257.79067845  .00022936  00000+0  43027-3 0  9992
2 43682  98.8423 156.4418 0022853  84.1005 276.2845 15.48379446434978
SAOCOM 1B               
1 46265U 20059A   26257.82127247  .00000675  00000+0  91342-4 0  9994
2 46265  97.8898  82.3826 0001408  80.6885 279.4487 14.82147400326767
CSS (TIANHE)            
1 48274U 21035A   26257.84072023  .00019452  00000+0  23788-3 0  9995
2 48274  41.4675 137.6844 0002669 279.4571  80.5965 15.59937976307166
COSMOS 2550             
1 48865U 21056A   26257.48886660  .00003935  00000+0  12533-3 0  9999
2 48865  67.1433 189.7672 0008350 268.3166  91.7032 15.33842725292415
CZ-2C R/B               
1 52794U 22058K   26257.43531731  .00045777  00000+0  38913-3 0  9999
2 52794  50.1838  56.8810 0029961 284.6460  75.1195 15.68498607239623
CZ-2C R/B               
1 54039U 22132E   26257.78816663  .00096632  00000+0  42139-3 0  9995
2 54039  97.2874 269.6126 0012863  99.6617 260.6107 15.84356136220075
GSLV R/B                
1 54149U 22138AN  26257.86486455  .00001642  00000+0  13754-3 0  9992
2 54149  87.3738 102.8374 0021080 176.4565 183.6820 14.97582730212235
XRISM                   
1 57800U 23137A   26257.06644540  .00004610  00000+0  24845-3 0  9993
2 57800  31.0013 143.5827 0007351 142.4913 217.6240 15.13107070166336
ACS3                    
1 59588U 24077B   26257.72745192  .00024592  00000+0  17002-1 0  9996
2 59588  97.2175 156.9674 0076438 331.7346  27.9684 13.97569194120532
SPACEMOBILE-003         
1 61045U 24163A   26257.00879175  .00000492  00000+0  37029-4 0  9990
2 61045  52.9669 261.0453 0005773  30.7128 329.4203 15.20445477111284
SPACEMOBILE-005         
1 61046U 24163B   26256.73023086  .00001208  00000+0  69494-4 0  9999
2 61046  52.9730 262.3230 0008660  24.2122 335.9278 15.20430016111233
SPACEMOBILE-001         
1 61047U 24163C   26257.05797929 -.00000700  00000+0 -16859-4 0  9995
2 61047  52.9705 260.4992 0007474  35.5243 324.6247 15.20426564111280
SPACEMOBILE-002         
1 61048U 24163D   26256.25412529  .00013764  00000+0  63184-3 0  9991
2 61048  52.9785 264.2673 0006509  34.8378 325.3041 15.20683125111161
SPACEMOBILE-004         
1 61049U 24163E   26256.23619382  .00010886  00000+0  50510-3 0  9997
2 61049  52.9705 264.0974 0008499  59.0053 301.1775 15.20527402111166
CZ-8A R/B               
1 66004U 25231K   26257.63083022 -.00000001  00000+0  58102-4 0  9996
2 66004  50.0056  18.7639 0116788 179.1484 180.9651 14.30181519 47748
SZ-21 MODULE            
1 66515U 25246C   26257.87743325  .00081009  00000+0  32637-3 0  9994
2 66515  41.4693 105.2909 0012053 298.8398  61.1239 15.85259358 47932
SPACEMOBILE-006         
1 67232U 25309A   26257.08081311  .00002249  00000+0  12162-3 0  9994
2 67232  52.9948 284.3571 0011844  51.4645 308.7409 15.18886778 40107
SPACEMOBILE-008         
1 69589U 26139A   26257.32596708  .00001257  00000+0  87292-4 0  9996
2 69589  52.9944 217.8282 0002669 222.4543 137.6242 15.12973897 13479
SPACEMOBILE-009         
1 69590U 26139B   26257.59639297  .00001172  00000+0  82763-4 0  9992
2 69590  52.9937 216.6554 0002957 218.8042 141.2737 15.12868847 13518
SPACEMOBILE-010         
1 69591U 26139C   26257.60575081  .00001183  00000+0  83658-4 0  9991
2 69591  52.9942 216.7179 0003314 206.8952 153.1868 15.12725655 13521

ISS (ZARYA)             
1 25544U 98067A   26257.85283186  .00006182  00000+0  11980-3 0  9991
2 25544  51.6309 216.3168 0004923 141.7352 218.3986 15.49117649585657
POISK                   
1 36086U 09060A   26257.85283186  .00006182  00000+0  11980-3 0  9999
2 36086  51.6309 216.3168 0004923 141.7352 218.3986 15.49117649586460
CSS (TIANHE)            
1 48274U 21035A   26257.84072023  .00019452  00000+0  23788-3 0  9995
2 48274  41.4675 137.6844 0002669 279.4571  80.5965 15.59937976307166
ISS (NAUKA)             
1 49044U 21066A   26257.85283186  .00006182  00000+0  11980-3 0  9997
2 49044  51.6309 216.3168 0004923 141.7352 218.3986 15.49117649586503
FREGAT DEB              
1 49271U 11037PF  26256.73444482  .00015379  00000+0  21697-1 0  9992
2 49271  51.6442  95.2041 0941670 119.1674 250.6712 12.44406137236066
CSS (WENTIAN)           
1 53239U 22085A   26257.84072023  .00019452  00000+0  23788-3 0  9998
2 53239  41.4675 137.6844 0002669 279.4571  80.5965 15.59937976288239
CSS (MENGTIAN)          
1 54216U 22143A   26257.84072023  .00019452  00000+0  23788-3 0  9999
2 54216  41.4675 137.6844 0002669 279.4571  80.5965 15.59937976308070
HRC MONOBLOCK CAMERA    
1 66052U 98067XR  26257.19352162  .00210116  28096-4  56161-3 0  9992
2 66052  51.6152 176.3415 0004870 139.6059 220.5311 15.94067422 52090
SZ-21 MODULE            
1 66515U 25246C   26257.87743325  .00081009  00000+0  32637-3 0  9994
2 66515  41.4693 105.2909 0012053 298.8398  61.1239 15.85259358 47932
DUPLEX                  
1 66906U 98067XS  26257.33416809  .00045369  00000+0  37945-3 0  9990
2 66906  51.6251 197.0423 0004279 136.8782 223.2551 15.69525271 44621
KNACKSAT-2              
1 67683U 98067XZ  26257.22317614  .00056336  00000+0  48483-3 0  9990
2 67683  51.6255 203.8302 0008001 159.8891 200.2423 15.68709818 34210
GXIBA-1                 
1 67685U 98067YB  26256.88961024  .00087195  00000+0  63503-3 0  9990
2 67685  51.6218 203.0684 0008659 155.4995 204.6416 15.72523767 34191
UITMSAT-2               
1 67686U 98067YC  26257.19203161  .00194003  00000+0  84452-3 0  9990
2 67686  51.6227 196.0310 0007930 136.1816 223.9818 15.83642948 34317
LEOPARD                 
1 67687U 98067YD  26257.57089780  .00145956  00000+0  99454-3 0  9993
2 67687  51.6251 200.1566 0008180 138.9142 221.2474 15.73856885 34219
HMU-SAT2                
1 67688U 98067YE  26257.22753096  .00118805  00000+0  68475-3 0  9996
2 67688  51.6249 198.5732 0007880 132.7318 227.4347 15.77775365 34208
CREW DRAGON 12          
1 67796U 26031A   26257.33674855  .00005039  00000+0  99198-4 0  9996
2 67796  51.6309 218.8706 0004930 140.1239 220.0112 15.49109872586541
CYGNUS NG-24            
1 68689U 26079A   26257.33674855  .00005039  00000+0  99198-4 0  9990
2 68689  51.6309 218.8706 0004930 140.1239 220.0112 15.49109872586666
PROGRESS-MS 34          
1 68837U 26093A   26257.33674855  .00005039  00000+0  99198-4 0  9991
2 68837  51.6309 218.8706 0004930 140.1239 220.0112 15.49109872586706
TIANZHOU-10             
1 69049U 26102A   26257.58463244  .00018605  00000+0  22780-3 0  9998
2 69049  41.4676 139.2408 0002662 278.8217  81.2320 15.59928303307940
SHENZHOU-23 (SZ-23)     
1 69180U 26113A   26257.58463244  .00018605  00000+0  22780-3 0  9996
2 69180  41.4676 139.2408 0002662 278.8217  81.2320 15.59928303307553
